Csharp: 00:00:00.2071707 00:00:00.2637369
Go: 00:00:00.2879781 00:00:00.2577705
Node: 00:00:00.4078340 00:00:00.3999378
PowerShell: 00:00:00.0696303 00:00:00.1235769
Python: 00:00:00.3295473 00:00:00.3421590
Ruby: 00:00:00.4148474 00:00:00.4344584
Rust: 00:00:00.0709238 00:00:00.0700422
