Csharp: 00:00:00.2785488 00:00:00.2430505
Go: 00:00:00.2179941 00:00:00.2224516
Node: 00:00:00.4259415 00:00:00.5079152
Python: 00:00:00.3562185 00:00:00.7252403
Ruby: 00:00:00.8040452 00:00:00.5791640
Rust: 00:00:00.1379453 00:00:00.1239109
