Csharp: 00:00:00.2641426 00:00:00.3046099
Go: 00:00:00.2300745 00:00:00.1959498
Node: 00:00:00.4906471 00:00:00.5752535
PowerShell: 00:01:04.1253103 00:01:21.1508356
Python: 00:00:00.3825220 00:00:00.3710127
Ruby: 00:00:00.4818012 00:00:00.4337631
Rust: 00:00:00.1099835 00:00:00.1959773
